start=145.537646
pause=yes
volume=73.598007
