start=1347.994833
volume=130.000000
fullscreen=yes
