start=34.748703
volume=130.000000
