start=1161.431589
pause=yes
volume=100.000000
aid=1
