start=1399.272875
volume=130.000000
fullscreen=yes
