start=329.566667
volume=5.000000
fullscreen=yes
