start=1346.222178
volume=120.000000
