start=1332.749411
volume=90.000000
