start=74.358646
volume=120.000000
