start=1333.458456
volume=85.000000
