start=16.206044
volume=40.000000
