start=45.205964
volume=130.000000
