start=38.403336
volume=80.000000
