start=1291.313211
volume=100.000000
fullscreen=yes
