start=1337.089000
volume=80.000000
fullscreen=yes
