start=1332.707711
volume=80.000000
