start=1345.951122
volume=75.000000
