start=2.592349
volume=130.000000
