start=462.044911
volume=100.000000
