start=1391.453955
volume=100.000000
deinterlace=yes
