start=42.964977
volume=130.000000
