start=1283.366700
volume=100.000000
