start=1109.525083
volume=80.000000
