start=1335.168500
volume=95.000000
