start=83.168463
volume=115.000000
