start=67.440198
volume=130.000000
