start=1316.523533
volume=125.000000
