start=1332.832833
volume=90.000000
