start=627.481500
pause=yes
volume=114.000000
