start=458.124000
volume=100.000000
fullscreen=yes
