start=1324.323000
volume=111.376259
