start=34.083901
volume=130.000000
