start=142.834666
volume=125.000000
