start=0.129427
volume=59.000000
