start=1335.335333
volume=115.000000
