start=1307.617000
volume=40.000000
sub-pos=78
