start=72.988384
volume=81.000000
