start=88.185052
volume=125.000000
