start=88.679623
volume=110.000000
