start=4.032383
volume=130.000000
