start=1496.250000
volume=110.000000
fullscreen=yes
