start=1412.744667
volume=110.000000
fullscreen=yes
