start=1394.080667
volume=100.000000
fullscreen=yes
