start=1371.099378
volume=81.000000
