start=1347.992956
volume=100.000000
