start=1316.567000
volume=110.000000
fullscreen=yes
