start=14.036330
volume=130.000000
