start=348.615000
volume=75.000000
fullscreen=yes
