start=107.250000
volume=30.000000
