start=10.390551
volume=63.000000
